1.510000000000000000e+03 8.600000000000000000e+01 1.621670500000000000e+06 7.848200000000000000e+04
1.602000000000000000e+03 9.100000000000000000e+01 1.610389500000000000e+06 7.767900000000000000e+04
1.564000000000000000e+03 1.560000000000000000e+02 1.521607500000000000e+06 1.349170000000000000e+05
1.524000000000000000e+03 2.010000000000000000e+02 1.427796500000000000e+06 1.786580000000000000e+05
1.495000000000000000e+03 2.320000000000000000e+02 1.399060000000000000e+06 2.029620000000000000e+05
1.456000000000000000e+03 2.790000000000000000e+02 1.386059500000000000e+06 2.461995000000000000e+05
1.429000000000000000e+03 3.120000000000000000e+02 1.363093000000000000e+06 2.736185000000000000e+05
1.397000000000000000e+03 3.450000000000000000e+02 1.326714000000000000e+06 3.066730000000000000e+05
1.374000000000000000e+03 3.750000000000000000e+02 1.298519500000000000e+06 3.304900000000000000e+05
1.336000000000000000e+03 4.150000000000000000e+02 1.244830000000000000e+06 3.667470000000000000e+05
1.311000000000000000e+03 4.460000000000000000e+02 1.199904500000000000e+06 3.918260000000000000e+05
1.285000000000000000e+03 4.720000000000000000e+02 1.169539000000000000e+06 4.170950000000000000e+05
1.256000000000000000e+03 5.010000000000000000e+02 1.128701000000000000e+06 4.367125000000000000e+05
1.234000000000000000e+03 5.160000000000000000e+02 1.101762500000000000e+06 4.499360000000000000e+05
1.219000000000000000e+03 5.400000000000000000e+02 1.085792500000000000e+06 4.608325000000000000e+05
1.170000000000000000e+03 5.740000000000000000e+02 1.038965000000000000e+06 4.953215000000000000e+05
1.150000000000000000e+03 5.970000000000000000e+02 1.017290000000000000e+06 5.122035000000000000e+05
1.130000000000000000e+03 6.250000000000000000e+02 9.987600000000000000e+05 5.357755000000000000e+05
1.113000000000000000e+03 6.480000000000000000e+02 9.921105000000000000e+05 5.611875000000000000e+05
1.084000000000000000e+03 6.630000000000000000e+02 9.778555000000000000e+05 5.732590000000000000e+05
1.038000000000000000e+03 7.210000000000000000e+02 9.473520000000000000e+05 6.279925000000000000e+05
9.890000000000000000e+02 7.560000000000000000e+02 9.144360000000000000e+05 6.679655000000000000e+05
9.400000000000000000e+02 8.000000000000000000e+02 8.718450000000000000e+05 7.148995000000000000e+05
8.710000000000000000e+02 8.770000000000000000e+02 8.212240000000000000e+05 7.742265000000000000e+05
7.930000000000000000e+02 9.410000000000000000e+02 7.568245000000000000e+05 8.452120000000000000e+05
6.860000000000000000e+02 1.045000000000000000e+03 6.594345000000000000e+05 9.528105000000000000e+05
5.700000000000000000e+02 1.168000000000000000e+03 5.508405000000000000e+05 1.078006500000000000e+06
4.060000000000000000e+02 1.311000000000000000e+03 3.898495000000000000e+05 1.231717500000000000e+06
2.060000000000000000e+02 1.496000000000000000e+03 1.976710000000000000e+05 1.418059000000000000e+06
0.000000000000000000e+00 1.699000000000000000e+03 0.000000000000000000e+00 1.625783500000000000e+06
